00000000001111110000000011111111000000011111111100000001111111110000001111111111000000111111111100000011111111110000001111111111000000111111111100000011111111110000011111111111000011111111111101111111111111111111111111111111011111111111111100001111111111110000011111111111000000111111111100000011111111110000001111111111000000111111111100000011111111110000000111111111000000011111111100000000111111110000000000111111
00000000000000000000000000000000000000000000000000000000000000000000000011000000000000001100000000000000001111000000000000111100001111001111111100111100111111111100111111111111110011111111111111111111111111111111111111111111110011111111111111001111111111110011110011111111001111001111111100000000001111000000000000111100000000001100000000000000110000000000000000000000000000000000000000000000000000000000000000000000
00000000000000000000000000000000000000000000000000000000000000000000111100000000000011110000000000111111110000000011111111000000111111111111000011111111111100001111111111111100111111111111110000111111111111110011111111111111111111111111110011111111111111001111111111110000111111111111000000111111110000000011111111000000000011110000000000001111000000000000000000000000000000000000000000000000000000000000000000000000
00000000001100000000000000110000000000000000001100000000000000110000001100001111000000110000111100000000000011110000000000001111000000000011111100000000001111111100111100001111110011110000111100000000111111110000000011111111000011001111111100001100111111110000000000001111000000000000111100001100111111110000110011111111001100001100001100110000110000110000000000110000000000000011000000000000000011110000000000001111
00000000000000000000000000000000000000000000000000000000000000000000000011000000000000001100000000000000001111000000000000111100001111001111001100111100111100111100111100000011110011110000001111110011110011111111001111001111110011111111000011001111111100000011110011001111001111001100111100000000001111000000000000111100000000001100000000000000110000000000000000000000000000000000000000000000000000000000000000000000
00000000000000000000000000000000000000000000000000000000000000000000111100000000000011110000000000111111110000000011111111000000111111110011000011111111001100001111111100111100111111110011110000001100111111110000110011111111111100110000110011110011000011001111111111000000111111111100000000111111110000000011111111000000000011110000000000001111000000000000000000000000000000000000000000000000000000000000000000000000
001111111100111
00100000101000111111101010000010000
111001111111100
000110111011000
110000111000011
101010101010101010101010101010101010101010101010101010101010101010101010101010101010101010101010101010101010101010101010101010101010101010101010101010101010101010101010101010101010101010101010101010101010101010101010101010101010101010101010101010101010101010101010101010101010101010101010101010101010101010101010101010101010101010101010101010101010101010101010101010101010101010101010
010101010101010101010101010101010101010101010101010101010101010101010101010101010101010101010101010101010101010101010101010101010101010101010101010101010101010101010101010101010101010101010101010101010101010101010101010101010101010101010101010101010101010101010101010101010101010101010101010101010101010101010101010101010101010101010101010101010101010101010101010101010101010101010101
110000000000000011000000000000001111000000000000111100000000000000111100000000000011110000000000111111111111111111111111111111111111001100110011111100110011001111111111001100111111111100110011111111110011001111111111001100111111001100110011111100110011001111111111111111111111111111111111001111000000000000111100000000001111000000000000111100000000000011000000000000001100000000000000
000000110000000000000011000000000000111100000000000011110000000000111100000000000011110000000000111111111111111111111111111111111111001100110011111100110011001111111111001100111111111100110011111111110011001111111111001100111111001100110011111100110011001111111111111111111111111111111111001111000000000000111100000000000000111100000000000011110000000000000011000000000000001100000000
000000000000000000000000000000000000000000000000111111111111111111111111111111111111111111111111000000000000000000000000000000000000000000000000111111111111111111111111111111111111111111111111000000000000000000000000000000000000000000000000111111111111111111111111111111111111111111111111000000000000000000000000000000000000000000000000111111111111111111111111111111111111111111111111
111111111111111111111111111111111111111111111111000000000000000000000000000000000000000000000000111111111111111111111111111111111111111111111111000000000000000000000000000000000000000000000000111111111111111111111111111111111111111111111111000000000000000000000000000000000000000000000000111111111111111111111111111111111111111111111111000000000000000000000000000000000000000000000000
000000000000000000000000000000000000000000000000000000000000000000000000111111000000001111111000110000001110000011000000110000001100111111110000110011111111000011111111001100111111111100110011110011001111111111001100111111110000111111110011000011111111001100000011000000110000001100000011001111111100000000111111110000000000000000000000000000000000000000000000000000000000000000000000
000000000000000000000000000000000000000000000000000000000000000000001111111100000000111111110000000000001100000000000000110000001100111111110011110011111111001111111111001100111111111100110011110011001111111111001100111111111100111111110011110011111111001100000011000000000000001100000000000011111111000000001111111100000000000000000000000000000000000000000000000000000000000000000000
000000000000000000000000000000000000000000000000000000000000000000000000000011000000000000001100000000110011000000000011001100000011110011110011001111001111001111111111111111001111111111111100111111111111110011111111111111000011110011110011001111001111001100000011001100000000001100110000000000000000110000000000000011000000000000000000000000000000000000000000000000000000000000000000
000000000000000000000000000000000000000011000000000000001100000000000000001100000000000000110000000000110011000000000011001100000011110011110011001111001111001111111111111111001111111111111100111111111111110011111111111111000011110011110011001111001111001100000011001100000000001100110000000000000011000000000000001100000000000011000000000000001100000000000000000000000000000000000000
000000000011110000000000001111000000000000000011000000000000001100000000000011000000000000001100001100110011000000110011001100000011110011110011001111001111001111111111111111001111111111111100111111111111110011111111111111000011110011110011001111001111001100110011001100000011001100110000000000000000110000000000000011000000000000000011000000000000001100000000001111000000000000111100
001111110000000000111111000000000000000011000000000000001100000000000000001100000000000000110000001100110011000000110011001100000011110011110011001111001111001111111111111111001111111111111100111111111111110011111111111111000011110011110011001111001111001100110011001100000011001100110000000000000011000000000000001100000000000011000000000000001100000000111111000000000011111100000000
000000000000000000000000000000000000001100110000000000110011000000000011111100000000001111110000001111110011110000111111001111000000111111001100000011111100110000111111111111000011111111111100111111111111110011111111111111000000111111001100000011111100110000001111001111000000111100111100001100111111000000110011111100000000001100001100000000110000110000000000000000000000000000000000
000000000000000000000000000000000000000011000000000000001100000000110011111100000011001111110000000011110011110000001111001111000000111111001100000011111100110011111111111111001111111111111100001111111111110000111111111111000000111111001100000011111100110000111111001111000011111100111100000000111111000000000011111100000011001100110000001100110011000000000000000000000000000000000000
000000000000000000000000000000000000000000000000000000000000000000000000111100000000000011110000000000111111110000000011111111000000111100001100000011110000110000111111111111000011111111111100111111111111110011111111111111000000111100001100000011110000110000000011111111000000001111111100000000001111000000000000111100000000000000000000000000000000000000000000000000000000000000000000
000000000000000000000000000000000000000000000000000000000000000000000000111100000000000011110000000000111100110000000011110011000000111111001100000011111100110011111111111111001111111111111100001111111111110000111111111111000000111111001100000011111100110000000011110011000000001111001100000000001111000000000000111100000000000000000000000000000000000000000000000000000000000000000000
000000000000000000000000000000000000000000000000000000000000000000000000000000000000000000000000000000001111000000000000111100000000001111001100000000111100110000001111111111000000111111111100001111111111110000111111111111000000001111001100000000111100110000000000111100000000000011110000000000000000000000000000000000000000000000000000000000000000000000000000000000000000000000000000
000000000000000000000000000000000000000000000000000000000000000000000000000000000000000000000000000000001111000000000000111100000000001111001100000000111100110000111111111111000011111111111100000011111111110000001111111111000000001111001100000000111100110000000000111100000000000011110000000000000000000000000000000000000000000000000000000000000000000000000000000000000000000000000000
0000000000000000000000000000000000000000000000000000000000000000001100000000000011000000000011110000000000111100000000001111110000000011111100001111111100000011111111000011111111111100111111111111111100111111001111001111110011110011111100111100111111000011111111111100111111111111000011111111000000111111110000000000111111000000001111110000000011110000000000111100000000000011000000000000110000000000000000000000000000000000000000000000000000000000
1100001100001111000011000011001111111111000011111111110000001111110000000011111100000000110011000000001100110000000011001100000000110011000000001111110000000011111100001111111111111111111111111111001111001111000011110011110000111100111100001111001111000000111111000000001111110000000011111100000000111111000000001100110000000011001100000000110011000000001100110000000011111100000000111111000000001111110000000011111100000000001100000000000011000000
0000000000000000000000000000000000000000000000000000000000000000111100000000001111000000001111111100000011111111000011111111110000111111111100111111111111001111111111111111001100001111110011000011111111110011111111111100111111111111001111111111110011111111001100001111110011000011001111111111110011111111111100001111111111000011111111110000001111111100000011111111000000001111000000000011110000000000000000000000000000000000000000000000000000000000
0000000000000000000000000000000000000000000000000000000000000000111100000000001111000000001111111100000011111111000011111111110000111111111100111111111111001111111111111111001100001111110011000011111111110011111111111100111111111111001111111111110011111111001100001111110011000011001111111111110011111111111100001111111111000011111111110000001111111100000011111111000000001111000000000011110000000000000000000000000000000000000000000000000000000000
0001000100100101000100010100100000101000100000000010001010000010010100010001010010010001000
0000000001000000000100000000010000000001000000000100000000010000000001000000000100000000010000000001000000000100000000010000100001000010000100001000010000100001
0000000000000000000000000000000000000000000000000000000000000000000000000000000000000000000
000000000000000001111000111001101100011111001110111110111100111011000111111001100111100000000000
001111100011111110110000011110101011110101011110101011111010111011111110001111100
001111100011111110100000001100000001101111101101111101110111011011000110001111100
0000111001111111011111110111111111111111111111110111111100001100
0000111001111111011111110111111111111111111111110111111100001100
0000001000000000001010000000001000100000001000001000001000000010000100000001000100000000010010000100001010000111000011000111110001100011111000110001111100011000111110001100001110000101000010000100100000000010001000000010000100000001000001000001000000010001000000000101000000000001000000
0000001000000000000100000000000010000000000011100000000001110000000000111000000000011100000000001110000000000111000000000011100000000001110000000000111000000000011100000000001110000000000111000000000011100000000001110000000000111000000000011100000000000100000000000010000000000001000000
111111111111111111111111111111111111111111111111111111111111111111111111111111111111111111111111111111111111111111111111111111111111111111111111111111111111111111111111111111111111111111111111111111111111111111111111111111111111111111111111111111111111111111111111111111111111111111111111111111111111111111111111111111111111111111111111111111111111111111111111111111111111111111111111111111111111111111111111111111111111111111111111111111111111111111111111111111111111111111111111
111111111111111111111111111111111111111111111111111111111111111111111111111111111111111111111111111111111111111111111111111111111111111111111111111111111111111111111111111111111111111111111111111111111111111111111111111111111111111111111111
0011100011111011000111100011110001101111100011100
00110000111111110011000011111111110000111111111111000011111111111100001111111111110000111111111111000011111111111100001111111111110000111111111111000011111111110011111111111111001111111111111111111111111111111111111111111111001111111111111100111111111111111100001111111111110000111111111111000011111111111100001111111111110000111111111111000011111111111100001111111111110000111111111100110000111111110011000011111111
00110000000000000011000000000000110000000000000011000000000000001100000011000000110000001100000011000000001111001100000000111100001111001111111100111100111111111100111111111111110011111111111111111111111111111111111111111111110011111111111111001111111111110011110011111111001111001111111111000000001111001100000000111100110000001100000011000000110000001100000000000000110000000000000000110000000000000011000000000000
00110000000000000011000000000000110000000000000011000000000000001100111100000000110011110000000000111111110000000011111111000000111111111111000011111111111100001111111111111100111111111111110000111111111111110011111111111111111111111111110011111111111111001111111111110000111111111111000000111111110000000011111111000000110011110000000011001111000000001100000000000000110000000000000000110000000000000011000000000000
0010011100010010001010011100011011111001101100110110110011011001111101100011100101000100100011100100
000000011000000111000000111011111111111111111111111111111111111111111111111111111011111111000000111000000111000000011
000111111110111111111011110111100111111111101111111111111111111110111101111000111111111000011111111

